lastAccountName: AdirYad
timestamps:
  login: 1629254135991
  logout: 1629253767948
  lastteleport: 1629235897708
  kits:
    special: 1628484584104
    skygod: 1628484622652
    skylegend: 1628568083794
    skyhero: 1628624408989
    skylord: 1628484633477
    weekly: 1628557779219
  lastheal: 1628627006006
ipAddress: 127.0.0.1
lastlocation:
  world: Spawn
  x: -97.15709285544366
  y: 34.16689335998688
  z: 150.53244293940185
  yaw: -190.36423
  pitch: 25.67227
logoutlocation:
  world: Spawn
  x: -42.360425027549816
  y: 16.0
  z: -14.699999988079071
  yaw: -1.0668007
  pitch: 28.649067
money: '101001.0'
godmode: false
homes:
  home:
    world: Spawn
    x: -1.9328922651359521
    y: 16.11759293784915
    z: -1.492343805867715
    yaw: -268.21124
    pitch: 3.1500087
