lastAccountName: AdirYad
timestamps:
  login: 1629251429842
  logout: 1629236534879
  lastteleport: 1629235897708
  kits:
    special: 1628484584104
    skygod: 1628484622652
    skylegend: 1628568083794
    skyhero: 1628624408989
    skylord: 1628484633477
    weekly: 1628557779219
  lastheal: 1628627006006
ipAddress: 127.0.0.1
lastlocation:
  world: Dungeon
  x: -383.3471359779096
  y: 72.20000004768372
  z: 702.8003858394029
  yaw: 4.440796
  pitch: -3.4026747
logoutlocation:
  world: Spawn
  x: -87.1399071080829
  y: 15.304213417929743
  z: 151.3501220730154
  yaw: -107.271164
  pitch: 42.172455
money: '101001.0'
godmode: false
homes:
  home:
    world: Spawn
    x: -1.9328922651359521
    y: 16.11759293784915
    z: -1.492343805867715
    yaw: -268.21124
    pitch: 3.1500087
