lastAccountName: AdirYad
timestamps:
  login: 1628984580424
  logout: 1628979501899
  lastteleport: 1628984599071
  kits:
    special: 1628484584104
    skygod: 1628484622652
    skylegend: 1628568083794
    skyhero: 1628624408989
    skylord: 1628484633477
    weekly: 1628557779219
  lastheal: 1628627006006
ipAddress: 127.0.0.1
lastlocation:
  world: Dungeon
  x: -388.56160535812063
  y: 73.82252431144789
  z: 707.8725224982218
  yaw: 259.9471
  pitch: 23.261034
logoutlocation:
  world: Dungeon
  x: -388.0001537492271
  y: 73.82252431144789
  z: 708.0945356131043
  yaw: 93.89879
  pitch: 28.51102
money: '100000.0'
godmode: false
homes:
  home:
    world: Spawn
    x: -1.9328922651359521
    y: 16.11759293784915
    z: -1.492343805867715
    yaw: -268.21124
    pitch: 3.1500087
