world: Spawn
x: -38.585929976058445
y: 15.0
z: -44.67068156806012
yaw: -178.46663
pitch: 1.0728962
name: Auctioner
