world: Spawn
x: -54.5638259396841
y: 15.0
z: -33.41173058265397
yaw: 90.986664
pitch: 1.1772335
name: Banker
