world: Spawn
x: -22.497705176774616
y: 15.0
z: -1.3859739051142024
yaw: 359.62085
pitch: 2.4519796
name: Crates
