world: Spawn
x: -102.48100225571585
y: 15.0
z: 11.157160392439428
yaw: 47.7883
pitch: 4.415844
name: Dungeon
