world: Spawn
x: -45.710750333157556
y: 15.0
z: -18.980414412599398
yaw: 0.19187284
pitch: 1.9916975
name: enchanter
