world: Spawn
world-name: Spawn
x: -149.6074936289921
y: 17.0625
z: 60.57888366647467
yaw: 38.33821
pitch: 1.8658425
name: inner-dungeon
lastowner: 043245b2-c296-490f-91c4-793e200eb3a3
