world: a4e235e5-f636-4548-8185-a0c13bdc8716
world-name: Spawn
x: -149.54153146965513
y: 17.0625
z: 60.545839132186146
yaw: -316.4958190917969
pitch: 5.55001974105835
name: inner-dungeon
lastowner: 043245b2-c296-490f-91c4-793e200eb3a3
