world: Mine
x: -2643.3459235876776
y: 104.0
z: -1100.4711134484457
yaw: 269.87714
pitch: 8.674732
name: Mine
