world: Dungeon
x: -333.59099880888516
y: 77.0
z: 788.4086425036102
yaw: 90.097855
pitch: 1.0885497
name: Orc-Valley
