world: Spawn
x: -72.23320050252761
y: 15.0
z: -46.74163331075926
yaw: 91.52301
pitch: 6.055849
name: PvP
