world: Spawn
x: -6.704463076219947
y: 15.0
z: 4.861915521609487
yaw: 27.51596
pitch: 2.837194
name: Wood
